[gd_scene format=3 uid="uid://crklofxl04o03"]

[ext_resource type="PackedScene" uid="uid://b006h08ncpik3" path="res://Character/PlayerCharacter.tscn" id="1_3pvvw"]
[ext_resource type="Shader" uid="uid://dfn5454kdi2od" path="res://Assets/customsky.tres" id="2_6hxdk"]
[ext_resource type="PackedScene" uid="uid://dll2dpe8ss3h5" path="res://Environment/Platform 1.tscn" id="2_r83mg"]
[ext_resource type="PackedScene" uid="uid://cnfayxa2rjssg" path="res://Environment/Platform 6.tscn" id="3_dyrbm"]
[ext_resource type="PackedScene" uid="uid://dd0sueaiygwb1" path="res://Environment/Platform 2.tscn" id="4_bvi20"]
[ext_resource type="PackedScene" uid="uid://be3q48uouspff" path="res://Environment/Pillar1-texture.tscn" id="5_r83mg"]
[ext_resource type="PackedScene" uid="uid://dot55ud2rc1dc" path="res://Environment/Pillar2-texture.tscn" id="6_dyrbm"]
[ext_resource type="PackedScene" uid="uid://b81g1jcfypx02" path="res://Environment/Platform/BouncePlatform.tscn" id="7_bvi20"]
[ext_resource type="PackedScene" uid="uid://bvb1jyr5r2sve" path="res://Environment/ThiccPillah.tscn" id="9_46fj2"]

[sub_resource type="Gradient" id="Gradient_6hxdk"]
offsets = PackedFloat32Array(0, 0.4087838, 1)
colors = PackedColorArray(0, 0, 0, 1, 0.4054054, 0.4054054, 0.4054054, 1, 1, 1, 1, 1)

[sub_resource type="FastNoiseLite" id="FastNoiseLite_46fj2"]

[sub_resource type="NoiseTexture2D" id="NoiseTexture2D_bv3s5"]
noise = SubResource("FastNoiseLite_46fj2")
color_ramp = SubResource("Gradient_6hxdk")
seamless = true

[sub_resource type="ShaderMaterial" id="ShaderMaterial_46fj2"]
shader = ExtResource("2_6hxdk")
shader_parameter/skytex = SubResource("NoiseTexture2D_bv3s5")

[sub_resource type="Sky" id="Sky_bv3s5"]
sky_material = SubResource("ShaderMaterial_46fj2")

[sub_resource type="Environment" id="Environment_bvi20"]
background_mode = 2
background_color = Color(0.8867583, 0.8769055, 0.8571976, 1)
sky = SubResource("Sky_bv3s5")
ambient_light_source = 2
ambient_light_color = Color(0.54821205, 0.5209868, 0.48735785, 1)

[sub_resource type="Gradient" id="Gradient_46fj2"]
offsets = PackedFloat32Array(0.09294872, 0.9198718, 1)
colors = PackedColorArray(0.20871028, 0.20871013, 0.20871004, 1, 0.18358985, 0.18359068, 0.18359026, 1, 1, 1, 1, 1)

[sub_resource type="FastNoiseLite" id="FastNoiseLite_rsi7v"]
noise_type = 2

[sub_resource type="NoiseTexture2D" id="NoiseTexture2D_rsi7v"]
noise = SubResource("FastNoiseLite_rsi7v")
color_ramp = SubResource("Gradient_46fj2")
seamless = true
seamless_blend_skirt = 1.0

[sub_resource type="FastNoiseLite" id="FastNoiseLite_bv3s5"]
frequency = 0.025

[sub_resource type="NoiseTexture2D" id="NoiseTexture2D_46fj2"]
noise = SubResource("FastNoiseLite_bv3s5")
seamless = true
as_normal_map = true
seamless_blend_skirt = 1.0

[sub_resource type="StandardMaterial3D" id="StandardMaterial3D_46fj2"]
depth_draw_mode = 1
albedo_color = Color(0.4006977, 0.40069774, 0.40069756, 1)
albedo_texture = SubResource("NoiseTexture2D_rsi7v")
metallic_specular = 0.22
roughness = 0.5
normal_enabled = true
normal_texture = SubResource("NoiseTexture2D_46fj2")

[sub_resource type="QuadMesh" id="QuadMesh_46fj2"]

[sub_resource type="StandardMaterial3D" id="StandardMaterial3D_bv3s5"]
albedo_color = Color(0.07683582, 0.07683582, 0.07683582, 1)
metallic_specular = 0.43

[sub_resource type="PlaneMesh" id="PlaneMesh_3pvvw"]

[sub_resource type="StandardMaterial3D" id="StandardMaterial3D_r83mg"]
albedo_color = Color(0.1237779, 0.080803774, 0, 1)

[node name="DomTest" type="Node3D" unique_id=2091618539]

[node name="PlayerCharacter" parent="." unique_id=57928311 instance=ExtResource("1_3pvvw")]
transform = Transform3D(-0.99713916, 0, -0.07558797, 0, 1, 0, 0.07558797, 0, -0.99713916, 10.893377, 14.516064, -16.383236)
MaxMovementSpeed = 5.5
JumpVelocity = 4.0

[node name="WorldEnvironment" type="WorldEnvironment" parent="." unique_id=1780072733]
environment = SubResource("Environment_bvi20")

[node name="DirectionalLight3D" type="DirectionalLight3D" parent="." unique_id=72789605]
transform = Transform3D(0.86717135, 0.20996083, 0.45158637, -0.30191317, -0.49950698, 0.81199825, 0.39605835, -0.8404816, -0.36976817, 0, 15.284137, 0)
light_color = Color(0.9134039, 0.87586707, 0.8348378, 1)
light_volumetric_fog_energy = 1.158

[node name="Platform1" parent="." unique_id=519910090 instance=ExtResource("2_r83mg")]
transform = Transform3D(0.22799252, 0, -0.19498566, 0, 0.29999998, 0, 0.19498566, 0, 0.22799252, -5.0693808, 1.7871499, 0.9237349)

[node name="Platform6" parent="." unique_id=2131382371 instance=ExtResource("3_dyrbm")]
transform = Transform3D(-0.0069266013, 0, 0.29992002, 0, 0.29999992, 0, -0.29992002, 0, -0.0069266013, -3.4355295, 1.5539551, 7.6113214)

[node name="Platform10" parent="." unique_id=998525585 instance=ExtResource("3_dyrbm")]
transform = Transform3D(-0.2978592, 0, 0.035775926, 0, 0.29999992, 0, -0.035775926, 0, -0.2978592, -2.1558204, 1.5539551, -9.985995)

[node name="Platform11" parent="." unique_id=557838443 instance=ExtResource("3_dyrbm")]
transform = Transform3D(-0.169814, 0, 0.24731198, 0, 0.29999995, 0, -0.24731198, 0, -0.169814, -0.12461579, 3.1291504, -11.442715)

[node name="Platform19" parent="." unique_id=876546655 instance=ExtResource("3_dyrbm")]
transform = Transform3D(0.23285685, 0, 0.18914995, 0, 0.29999995, 0, -0.18914995, 0, 0.23285685, 2.3042722, 5.2812057, -10.897522)

[node name="Platform2" parent="." unique_id=931645337 instance=ExtResource("4_bvi20")]
transform = Transform3D(0.3, 0, 0, 0, 0.3, 0, 0, 0, 0.3, -1.1026123, 2.0196848, -0.19207287)

[node name="Platform12" parent="." unique_id=360391248 instance=ExtResource("4_bvi20")]
transform = Transform3D(0.2564627, 0, -0.15564987, 0, 0.29999998, 0, 0.15564987, 0, 0.2564627, 5.6529922, 1.8561792, -7.1262035)

[node name="Platform16" parent="." unique_id=1511833694 instance=ExtResource("4_bvi20")]
transform = Transform3D(0.14248918, 0, -0.26400158, 0, 0.3, 0, 0.26400158, 0, 0.14248918, 2.2257962, 12.056587, -7.5151377)

[node name="Platform26" parent="." unique_id=739164725 instance=ExtResource("4_bvi20")]
transform = Transform3D(0.01441437, 0, -0.29965353, 0, 0.30000004, 0, 0.29965353, 0, 0.01441437, 10.842801, 14.437548, -16.00308)

[node name="Platform17" parent="." unique_id=2010288662 instance=ExtResource("4_bvi20")]
transform = Transform3D(0.29979658, 0, 0.0110454485, 0, 0.30000004, 0, -0.0110454485, 0, 0.29979658, 4.245002, 12.056587, -10.73626)

[node name="Platform18" parent="." unique_id=2012218556 instance=ExtResource("4_bvi20")]
transform = Transform3D(0.1275253, 0, 0.2715461, 0, 0.30000007, 0, -0.2715461, 0, 0.1275253, 2.3798337, 12.056587, -13.074059)

[node name="Platform3" parent="." unique_id=1090433255 instance=ExtResource("4_bvi20")]
transform = Transform3D(0.20937087, 0, -0.2148577, 0, 0.29999998, 0, 0.2148577, 0, 0.20937087, 5.9570746, 1.0328116, 6.2759023)

[node name="Platform35" parent="." unique_id=1776663640 instance=ExtResource("4_bvi20")]
transform = Transform3D(0.29254597, 0, 0.06645944, 0, 0.29999998, 0, -0.06645944, 0, 0.29254597, 9.679018, 1.0328116, 6.8519444)

[node name="Platform9" parent="." unique_id=601586335 instance=ExtResource("4_bvi20")]
transform = Transform3D(0.20937087, 0, -0.2148577, 0, 0.29999998, 0, 0.2148577, 0, 0.20937087, 6.1470447, 1.9770856, 1.5245824)

[node name="Platform30" parent="." unique_id=2115779399 instance=ExtResource("4_bvi20")]
transform = Transform3D(0.2999557, 0, -0.005157221, 0, 0.29999998, 0, 0.005157221, 0, 0.2999557, 11.64485, 1.8929696, 8.147836)

[node name="Platform8" parent="." unique_id=111470243 instance=ExtResource("4_bvi20")]
transform = Transform3D(0.29941756, -0.018487021, 0.0027070204, 0.018486269, 0.2994298, 0.00016713349, -0.002712175, 0, 0.2999877, -1.1272243, 1.9392208, 8.1435585)

[node name="Platform4" parent="." unique_id=1364863283 instance=ExtResource("2_r83mg")]
transform = Transform3D(0.3, 0, 0, 0, 0.3, 0, 0, 0, 0.3, 2.8953133, 1.9002938, 8.149623)

[node name="Platform5" parent="." unique_id=562556492 instance=ExtResource("2_r83mg")]
transform = Transform3D(0.3, 0, 0, 0, 0.3, 0, 0, 0, 0.3, 1.3822544, 1.8514726, 8.149623)

[node name="Platform7" parent="." unique_id=1841532792 instance=ExtResource("2_r83mg")]
transform = Transform3D(0.3, 0, 0, 0, 0.3, 0, 0, 0, 0.3, -0.12639973, 1.9002938, 8.149623)

[node name="Platform27" parent="." unique_id=763152377 instance=ExtResource("2_r83mg")]
transform = Transform3D(0.3, 0, 0, 0, 0.3, 0, 0, 0, 0.3, 15.66882, 1.8925843, 8.149623)

[node name="Platform28" parent="." unique_id=1095945045 instance=ExtResource("2_r83mg")]
transform = Transform3D(0.3, 0, 0, 0, 0.3, 0, 0, 0, 0.3, 14.155762, 1.881499, 8.173625)

[node name="Platform29" parent="." unique_id=30535131 instance=ExtResource("2_r83mg")]
transform = Transform3D(0.3, 0, 0, 0, 0.3, 0, 0, 0, 0.3, 12.647107, 1.9002938, 8.122843)

[node name="Platform31" parent="." unique_id=543157384 instance=ExtResource("4_bvi20")]
transform = Transform3D(0.16691041, 0, -0.24928081, 0, 0.29999995, 0, 0.24928081, 0, 0.16691041, 9.648646, 2.0034041, -10.247597)

[node name="Platform32" parent="." unique_id=2046609313 instance=ExtResource("2_r83mg")]
transform = Transform3D(0.17117105, 0, -0.24637464, 0, 0.29999998, 0, 0.24637464, 0, 0.17117105, 11.943137, 1.3929689, -6.9418955)

[node name="Platform33" parent="." unique_id=747709170 instance=ExtResource("2_r83mg")]
transform = Transform3D(0.17117105, 0, -0.24637464, 0, 0.29999998, 0, 0.24637464, 0, 0.17117105, 11.060119, 1.5926702, -8.170798)

[node name="Platform34" parent="." unique_id=1482990894 instance=ExtResource("2_r83mg")]
transform = Transform3D(0.17117105, 0, -0.24637464, 0, 0.29999998, 0, 0.24637464, 0, 0.17117105, 10.241031, 1.9002938, -9.438754)

[node name="Platform13" parent="." unique_id=1451900718 instance=ExtResource("2_r83mg")]
transform = Transform3D(0.17143327, 0, -0.24619225, 0, 0.29999998, 0, 0.24619225, 0, 0.17143327, -5.813772, 2.0597892, 14.407725)

[node name="Platform14" parent="." unique_id=1507742852 instance=ExtResource("2_r83mg")]
transform = Transform3D(0.17143327, 0, -0.24619225, 0, 0.29999998, 0, 0.24619225, 0, 0.17143327, -6.6784015, 2.010968, 13.166047)

[node name="Platform15" parent="." unique_id=1279298106 instance=ExtResource("2_r83mg")]
transform = Transform3D(0.17143327, 0, -0.24619225, 0, 0.29999998, 0, 0.24619225, 0, 0.17143327, -7.540513, 2.0597892, 11.927984)

[node name="meshinstanceDARK-SEA" type="MeshInstance3D" parent="." unique_id=535854135]
transform = Transform3D(1000, 0, 0, 0, -4.371139e-05, 1, 0, -1000, -4.371139e-08, 0, 0, 0)
material_override = SubResource("StandardMaterial3D_46fj2")
mesh = SubResource("QuadMesh_46fj2")

[node name="MeshInstance3D" type="MeshInstance3D" parent="." unique_id=2062909304]
transform = Transform3D(1000, 0, 0, 0, 1, 0, 0, 0, 1000, 0, -0.38204217, 0)
material_override = SubResource("StandardMaterial3D_bv3s5")
mesh = SubResource("PlaneMesh_3pvvw")
surface_material_override/0 = SubResource("StandardMaterial3D_r83mg")

[node name="Pillar" parent="." unique_id=255467983 instance=ExtResource("5_r83mg")]
transform = Transform3D(1, 0, 0, 0, 1, 0, 0, 0, 1, 4.241534, 2.7416472, -4.576869)
CollapseMaxSpeed = 2.5

[node name="Pillar14" parent="." unique_id=298519961 instance=ExtResource("5_r83mg")]
transform = Transform3D(0.50437695, 0, -0.8634836, 0, 1, 0, 0.8634836, 0, 0.50437695, 23.259415, 1.5510831, -11.759291)
CollapseMaxSpeed = 2.5

[node name="Pillar6" parent="." unique_id=283639223 instance=ExtResource("5_r83mg")]
transform = Transform3D(1, 0, 0, 0, 1, 0, 0, 0, 1, 2.354579, -6.1414914, 0.92456627)
CollapseMaxSpeed = 2.5

[node name="Pillar2" parent="." unique_id=1812875036 instance=ExtResource("5_r83mg")]
transform = Transform3D(1, 0, 0, 0, 1, 0, 0, 0, 1, 8.547234, 0, 10.056836)
CollapseMaxSpeed = 2.5

[node name="Pillar3" parent="." unique_id=1436677974 instance=ExtResource("5_r83mg")]
transform = Transform3D(0.5260506, 0, 0.85045326, 0, 1, 0, -0.85045326, 0, 0.5260506, -3.2935028, -3.0759115, 10.056836)
CollapseMaxSpeed = 2.5

[node name="Pillar5" parent="." unique_id=739054985 instance=ExtResource("5_r83mg")]
transform = Transform3D(-0.53963804, 0, 0.84189713, 0, 1, 0, -0.84189713, 0, -0.53963804, -5.4901714, -3.0759115, 0.50030375)
CollapseMaxSpeed = 2.5

[node name="Pillar10" parent="." unique_id=391292787 instance=ExtResource("5_r83mg")]
transform = Transform3D(0.4623832, 0, 0.8866802, 0, 1, 0, -0.8866802, 0, 0.4623832, -7.679454, 0.59585094, -7.2424135)
CollapseMaxSpeed = 2.5

[node name="Pillar11" parent="." unique_id=633003826 instance=ExtResource("5_r83mg")]
transform = Transform3D(0.9609339, 0, -0.27677798, 0, 1, 0, 0.27677798, 0, 0.9609339, -2.049214, 2.2230444, -19.396484)
CollapseMaxSpeed = 2.5

[node name="Pillar13" parent="." unique_id=626579703 instance=ExtResource("5_r83mg")]
transform = Transform3D(-0.070087284, 0, -0.99754083, 0, 1, 0, 0.99754083, 0, -0.070087284, 6.480264, 0.76462936, -28.133657)
CollapseMaxSpeed = 2.5

[node name="Pillar4" parent="." unique_id=1479640257 instance=ExtResource("6_dyrbm")]
transform = Transform3D(1, 0, 0, 0, 1, 0, 0, 0, 1, 8.152282, 0, 15.8139)
CollapseMaxSpeed = 2.5

[node name="Pillar7" parent="." unique_id=1063686593 instance=ExtResource("6_dyrbm")]
transform = Transform3D(0.020349126, 0, -0.99979293, 0, 1, 0, 0.99979293, 0, 0.020349126, 8.152282, 3.5957384, 0.07776642)
CollapseMaxSpeed = 2.5

[node name="Pillar15" parent="." unique_id=555249815 instance=ExtResource("6_dyrbm")]
transform = Transform3D(-0.75629896, 0, -0.6542261, 0, 1, 0, 0.6542261, 0, -0.75629896, 19.319895, -1.6409578, -9.688394)
CollapseMaxSpeed = 2.5

[node name="Pillar8" parent="." unique_id=1481401188 instance=ExtResource("6_dyrbm")]
transform = Transform3D(0.020349126, 0, -0.99979293, 0, 1, 0, 0.99979293, 0, 0.020349126, 0.62050724, 7.6934595, -10.020156)
CollapseMaxSpeed = 2.5

[node name="Platform20" parent="." unique_id=1434519851 instance=ExtResource("3_dyrbm")]
transform = Transform3D(-0.049436826, 0, 0.29589865, 0, 0.29999995, 0, -0.29589865, 0, -0.049436826, 15.153782, 8.552663, -26.731382)

[node name="Platform23" parent="." unique_id=1475136708 instance=ExtResource("3_dyrbm")]
transform = Transform3D(0.24159852, 0, -0.17784859, 0, 0.29999995, 0, 0.17784859, 0, 0.24159852, 8.606384, 4.3207326, -26.391895)

[node name="Platform24" parent="." unique_id=914807554 instance=ExtResource("3_dyrbm")]
transform = Transform3D(0.26491863, 0, 0.14077671, 0, 0.29999992, 0, -0.14077671, 0, 0.26491863, 8.606384, 4.615971, -28.915579)

[node name="Platform25" parent="." unique_id=886575160 instance=ExtResource("3_dyrbm")]
transform = Transform3D(-0.1426273, 0, 0.26392683, 0, 0.29999986, 0, -0.26392683, 0, -0.1426273, 5.6689134, 5.151722, -29.926548)

[node name="Platform21" parent="." unique_id=1876424859 instance=ExtResource("3_dyrbm")]
transform = Transform3D(0.18957227, 0, 0.23251316, 0, 0.29999992, 0, -0.23251316, 0, 0.18957227, 16.997053, 1.3077011, -25.99428)

[node name="Platform22" parent="." unique_id=1320402856 instance=ExtResource("3_dyrbm")]
transform = Transform3D(0.24700333, 0, -0.17026259, 0, 0.29999992, 0, 0.17026259, 0, 0.24700333, 17.156958, 3.4597564, -23.510096)

[node name="Pillar12" parent="." unique_id=529150132 instance=ExtResource("6_dyrbm")]
transform = Transform3D(-0.95371693, 0, -0.3007058, 0, 1, 0, 0.3007058, 0, -0.95371693, 15.841469, 5.87201, -24.879156)
CollapseMaxSpeed = 2.5

[node name="Pillar9" parent="." unique_id=2111927257 instance=ExtResource("6_dyrbm")]
transform = Transform3D(-0.8404437, 0, -0.5418989, 0, 1, 0, 0.5418989, 0, -0.8404437, 7.2836456, 5.3283386, -9.328626)
CollapseMaxSpeed = 2.5

[node name="BouncePlatform" parent="." unique_id=607921131 instance=ExtResource("7_bvi20")]
transform = Transform3D(1, 0, 0, 0, 1, 0, 0, 0, 1, -1.1427064, 3.047626, 4.499026)

[node name="BouncePlatform3" parent="." unique_id=2035404789 instance=ExtResource("7_bvi20")]
transform = Transform3D(0.9204912, 0, -0.39076328, 0, 1, 0, 0.39076328, 0, 0.9204912, 9.384705, 6.2295012, 4.499026)

[node name="BouncePlatform2" parent="." unique_id=1214919302 instance=ExtResource("7_bvi20")]
transform = Transform3D(0.5379177, 0, -0.8429974, 0, 1, 0, 0.8429974, 0, 0.5379177, 0.40873575, 5.9000764, -2.9115844)

[node name="BouncePlatform4" parent="." unique_id=2000301006 instance=ExtResource("7_bvi20")]
transform = Transform3D(-0.32662416, 0, -0.9451543, 0, 1, 0, 0.9451543, 0, -0.32662416, 0.40873575, 5.9000764, -24.446398)

[node name="BouncePlatform5" parent="." unique_id=587575761 instance=ExtResource("7_bvi20")]
transform = Transform3D(-0.32662416, 0, -0.9451543, 0, 1, 0, 0.9451543, 0, -0.32662416, 11.338341, 3.7182941, -24.446398)

[node name="BouncePlatform6" parent="." unique_id=548824696 instance=ExtResource("7_bvi20")]
transform = Transform3D(-0.32662416, 0, -0.9451543, 0, 1, 0, 0.9451543, 0, -0.32662416, 15.873005, 12.101818, -24.818022)

[node name="empty" type="Node3D" parent="." unique_id=172884680]
transform = Transform3D(3.9455395, 0, 0, 0, 5.4498143, 0, 0, 0, 3.9455395, 0, 2.5978417, 28.83514)

[node name="ThiccPillah" parent="." unique_id=905257151 instance=ExtResource("9_46fj2")]
transform = Transform3D(1, 0, 0, 0, 1, 0, 0, 0, 1, 10.83832, 0, -16.53531)
CollapseMaxSpeed = 0.1
CollapseAcceleration = 1.5
