[gd_scene format=3 uid="uid://crklofxl04o03"]

[ext_resource type="PackedScene" uid="uid://b006h08ncpik3" path="res://Character/PlayerCharacter.tscn" id="1_3pvvw"]
[ext_resource type="Shader" uid="uid://81q87wktuw8l" path="res://Assets/customsky.tres" id="2_6hxdk"]
[ext_resource type="PackedScene" uid="uid://cs1jxbgcoay88" path="res://UI/HUD.tscn" id="2_44fbc"]
[ext_resource type="PackedScene" uid="uid://dll2dpe8ss3h5" path="res://Environment/Platform 1.tscn" id="2_r83mg"]
[ext_resource type="PackedScene" uid="uid://cnfayxa2rjssg" path="res://Environment/Platform 6.tscn" id="3_dyrbm"]
[ext_resource type="PackedScene" uid="uid://dd0sueaiygwb1" path="res://Environment/Platform 2.tscn" id="4_bvi20"]
[ext_resource type="PackedScene" uid="uid://be3q48uouspff" path="res://Environment/Pillar1-texture.tscn" id="5_r83mg"]
[ext_resource type="PackedScene" uid="uid://dot55ud2rc1dc" path="res://Environment/Pillar2-texture.tscn" id="6_dyrbm"]
[ext_resource type="PackedScene" uid="uid://b81g1jcfypx02" path="res://Environment/Platform/BouncePlatform.tscn" id="7_bvi20"]
[ext_resource type="Script" uid="uid://b8bmhgawerm3n" path="res://Character/LoseCollider.gd" id="8_bv3s5"]
[ext_resource type="PackedScene" uid="uid://bvb1jyr5r2sve" path="res://Environment/ThiccPillah.tscn" id="9_46fj2"]
[ext_resource type="PackedScene" uid="uid://kx0ysi1654k4" path="res://Environment/BounncePad/BouncePad.tscn" id="11_rsi7v"]
[ext_resource type="PackedScene" uid="uid://bkycgnyx6wis3" path="res://Environment/Stump.tscn" id="12_egk5a"]
[ext_resource type="PackedScene" uid="uid://giwcpb5p3ljp" path="res://Environment/Targets/Target.tscn" id="13_d4sor"]

[sub_resource type="Gradient" id="Gradient_6hxdk"]
offsets = PackedFloat32Array(0, 0.4087838, 1)
colors = PackedColorArray(0, 0, 0, 1, 0.4054054, 0.4054054, 0.4054054, 1, 1, 1, 1, 1)

[sub_resource type="FastNoiseLite" id="FastNoiseLite_46fj2"]
noise_type = 0
frequency = 0.0064
domain_warp_enabled = true
domain_warp_type = 2

[sub_resource type="NoiseTexture2D" id="NoiseTexture2D_bv3s5"]
height = 1024
generate_mipmaps = false
noise = SubResource("FastNoiseLite_46fj2")
color_ramp = SubResource("Gradient_6hxdk")
seamless = true
seamless_blend_skirt = 1.0

[sub_resource type="ShaderMaterial" id="ShaderMaterial_46fj2"]
shader = ExtResource("2_6hxdk")
shader_parameter/skytex = SubResource("NoiseTexture2D_bv3s5")

[sub_resource type="Sky" id="Sky_bv3s5"]
sky_material = SubResource("ShaderMaterial_46fj2")

[sub_resource type="Environment" id="Environment_bvi20"]
background_mode = 2
background_color = Color(0.8867583, 0.8769055, 0.8571976, 1)
sky = SubResource("Sky_bv3s5")
ambient_light_source = 2
ambient_light_color = Color(0.65293294, 0.62572855, 0.5907945, 1)
ambient_light_sky_contribution = 0.15
glow_enabled = true
glow_bloom = 0.1
glow_blend_mode = 0
fog_enabled = true
fog_light_color = Color(0.566096, 0.54439425, 0.54151064, 1)
fog_light_energy = 0.57
fog_density = 0.0046
fog_sky_affect = 0.751
fog_depth_begin = 74.5
volumetric_fog_density = 0.024
volumetric_fog_albedo = Color(0.8047426, 0.80474263, 0.8047426, 1)
volumetric_fog_emission = Color(0.021434618, 0.02143464, 0.021434633, 1)
volumetric_fog_length = 52.99
volumetric_fog_detail_spread = 1.5157171
volumetric_fog_ambient_inject = 0.2
adjustment_enabled = true
adjustment_contrast = 1.05
adjustment_saturation = 1.05

[sub_resource type="Gradient" id="Gradient_46fj2"]
offsets = PackedFloat32Array(0.09294872, 0.74038464, 1)
colors = PackedColorArray(0.20871028, 0.20871013, 0.20871004, 1, 0.18358985, 0.18359068, 0.18359026, 1, 1, 1, 1, 1)

[sub_resource type="FastNoiseLite" id="FastNoiseLite_rsi7v"]
noise_type = 2

[sub_resource type="NoiseTexture2D" id="NoiseTexture2D_rsi7v"]
noise = SubResource("FastNoiseLite_rsi7v")
color_ramp = SubResource("Gradient_46fj2")
seamless = true
seamless_blend_skirt = 1.0

[sub_resource type="FastNoiseLite" id="FastNoiseLite_bv3s5"]
frequency = 0.025

[sub_resource type="NoiseTexture2D" id="NoiseTexture2D_46fj2"]
noise = SubResource("FastNoiseLite_bv3s5")
seamless = true
as_normal_map = true
seamless_blend_skirt = 1.0

[sub_resource type="StandardMaterial3D" id="StandardMaterial3D_46fj2"]
depth_draw_mode = 1
albedo_color = Color(0.14044756, 0.14044741, 0.1404475, 1)
albedo_texture = SubResource("NoiseTexture2D_rsi7v")
metallic_specular = 0.1
roughness = 0.0
normal_enabled = true
normal_texture = SubResource("NoiseTexture2D_46fj2")

[sub_resource type="QuadMesh" id="QuadMesh_46fj2"]

[sub_resource type="StandardMaterial3D" id="StandardMaterial3D_bv3s5"]
albedo_color = Color(0.07683582, 0.07683582, 0.07683582, 1)
metallic_specular = 0.13

[sub_resource type="PlaneMesh" id="PlaneMesh_3pvvw"]

[sub_resource type="StandardMaterial3D" id="StandardMaterial3D_r83mg"]
albedo_color = Color(0.1237779, 0.080803774, 0, 1)

[sub_resource type="BoxShape3D" id="BoxShape3D_o0x4h"]
size = Vector3(334.2331, 1, 352.64014)

[node name="DomTest" type="Node3D" unique_id=2091618539]

[node name="PlayerCharacter" parent="." unique_id=57928311 instance=ExtResource("1_3pvvw")]
transform = Transform3D(-0.99713916, 0, -0.07558797, 0, 1, 0, 0.07558797, 0, -0.99713916, 10.893377, 14.516064, -16.383236)
MaxMovementSpeed = 5.5
JumpVelocity = 4.0

[node name="Hud" parent="." unique_id=360832325 instance=ExtResource("2_44fbc")]

[node name="WorldEnvironment" type="WorldEnvironment" parent="." unique_id=1780072733]
environment = SubResource("Environment_bvi20")

[node name="DirectionalLight3D" type="DirectionalLight3D" parent="." unique_id=72789605]
transform = Transform3D(0.86717147, 0.20996082, 0.45158648, -0.4359105, -0.118483126, 0.89215696, 0.24082336, -0.9705043, -0.011221021, 0, 15.284137, 0)
light_color = Color(0.9365489, 0.9073955, 0.87830734, 1)
light_energy = 0.9
light_volumetric_fog_energy = 1.158

[node name="Platform1" parent="." unique_id=519910090 instance=ExtResource("2_r83mg")]
transform = Transform3D(0.22799252, 0, -0.19498566, 0, 0.29999998, 0, 0.19498566, 0, 0.22799252, -5.0693808, 1.7871499, 0.9237349)

[node name="Platform6" parent="." unique_id=2131382371 instance=ExtResource("3_dyrbm")]
transform = Transform3D(-0.0069266013, 0, 0.29992002, 0, 0.29999992, 0, -0.29992002, 0, -0.0069266013, -3.4355295, 1.5539551, 7.6113214)

[node name="Platform56" parent="." unique_id=2140240523 instance=ExtResource("3_dyrbm")]
transform = Transform3D(0.21101096, 0, 0.21324721, 0, 0.2999999, 0, -0.21324721, 0, 0.21101096, 3.2496085, 2.4540234, 11.742985)

[node name="Platform10" parent="." unique_id=998525585 instance=ExtResource("3_dyrbm")]
transform = Transform3D(-0.2978592, 0, 0.035775926, 0, 0.29999992, 0, -0.035775926, 0, -0.2978592, -2.1558204, 1.5539551, -9.985995)

[node name="Platform79" parent="." unique_id=1784405921 instance=ExtResource("3_dyrbm")]
transform = Transform3D(0.24664322, 0, -0.17078386, 0, 0.29999992, 0, 0.17078386, 0, 0.24664322, -10.807211, 2.4720476, -2.16708)

[node name="Platform80" parent="." unique_id=852147279 instance=ExtResource("3_dyrbm")]
transform = Transform3D(-0.28580797, 0, -0.09117999, 0, 0.2999999, 0, 0.09117999, 0, -0.28580797, -9.975079, 2.4720476, -6.7185574)

[node name="Platform81" parent="." unique_id=1469763951 instance=ExtResource("3_dyrbm")]
transform = Transform3D(-0.26284406, 0, 0.14461327, 0, 0.2999999, 0, -0.14461327, 0, -0.26284406, -9.812509, 5.402916, -8.772162)

[node name="Platform82" parent="." unique_id=152183490 instance=ExtResource("3_dyrbm")]
transform = Transform3D(-0.29245403, 0, 0.06686274, 0, 0.2999999, 0, -0.06686274, 0, -0.29245403, -8.751872, 5.402916, -0.2540505)

[node name="Platform11" parent="." unique_id=557838443 instance=ExtResource("3_dyrbm")]
transform = Transform3D(-0.169814, 0, 0.24731198, 0, 0.29999995, 0, -0.24731198, 0, -0.169814, -0.12461579, 3.1291504, -11.442715)

[node name="Platform40" parent="." unique_id=402765492 instance=ExtResource("3_dyrbm")]
transform = Transform3D(0.02014339, 0, -0.299323, 0, 0.29999992, 0, 0.299323, 0, 0.02014339, -1.5040127, 6.8490086, -17.21364)

[node name="Platform52" parent="." unique_id=1290880889 instance=ExtResource("3_dyrbm")]
transform = Transform3D(0.08228345, 0, -0.28849512, 0, 0.29999995, 0, 0.28849512, 0, 0.08228345, -6.91511, 7.808447, -18.67614)

[node name="Platform53" parent="." unique_id=435204018 instance=ExtResource("3_dyrbm")]
transform = Transform3D(-0.20974554, 0, -0.21449196, 0, 0.29999992, 0, 0.21449196, 0, -0.20974554, -9.814508, 5.465874, -19.599737)

[node name="Platform41" parent="." unique_id=1338532745 instance=ExtResource("3_dyrbm")]
transform = Transform3D(0.10875581, 0, -0.27959287, 0, 0.29999995, 0, 0.27959287, 0, 0.10875581, -0.96945643, 10.894283, -16.559605)

[node name="Platform19" parent="." unique_id=876546655 instance=ExtResource("3_dyrbm")]
transform = Transform3D(0.23285685, 0, 0.18914995, 0, 0.29999995, 0, -0.18914995, 0, 0.23285685, 2.3042722, 5.2812057, -10.897522)

[node name="Platform72" parent="." unique_id=152877418 instance=ExtResource("3_dyrbm")]
transform = Transform3D(-0.29652435, 0, -0.045533508, 0, 0.29999992, 0, 0.045533508, 0, -0.29652435, 7.0903244, 5.2812057, -15.917524)

[node name="Platform73" parent="." unique_id=383740912 instance=ExtResource("3_dyrbm")]
transform = Transform3D(-0.29080012, 0, 0.07372417, 0, 0.2999999, 0, -0.07372417, 0, -0.29080012, 7.3395686, 5.2812057, -17.981405)

[node name="Platform2" parent="." unique_id=931645337 instance=ExtResource("4_bvi20")]
transform = Transform3D(0.3, 0, 0, 0, 0.3, 0, 0, 0, 0.3, -1.1026123, 2.0196848, -0.19207287)

[node name="Platform77" parent="." unique_id=1312546904 instance=ExtResource("4_bvi20")]
transform = Transform3D(0.28026506, 0, 0.107011616, 0, 0.29999998, 0, -0.107011616, 0, 0.28026506, -7.1339445, 1.8377702, -3.9076462)

[node name="Platform78" parent="." unique_id=260560594 instance=ExtResource("4_bvi20")]
transform = Transform3D(0.2993532, 0, 0.019688867, 0, 0.29999998, 0, -0.019688867, 0, 0.2993532, -9.251313, 1.9909718, -3.844347)

[node name="Platform12" parent="." unique_id=360391248 instance=ExtResource("4_bvi20")]
transform = Transform3D(0.2564627, 0, -0.15564987, 0, 0.29999998, 0, 0.15564987, 0, 0.2564627, 5.6529922, 1.8561792, -7.1262035)

[node name="Platform16" parent="." unique_id=1511833694 instance=ExtResource("4_bvi20")]
transform = Transform3D(0.14248918, 0, -0.26400158, 0, 0.3, 0, 0.26400158, 0, 0.14248918, 2.2257962, 12.056587, -7.5151377)

[node name="Platform84" parent="." unique_id=1993156567 instance=ExtResource("4_bvi20")]
transform = Transform3D(0.22669432, 0, -0.19649345, 0, 0.30000004, 0, 0.19649345, 0, 0.22669432, -4.317868, 8.649329, -4.514451)

[node name="Platform85" parent="." unique_id=663092569 instance=ExtResource("4_bvi20")]
transform = Transform3D(0.2993604, 0, -0.019579127, 0, 0.30000004, 0, 0.019579127, 0, 0.2993604, -1.4677329, 8.285732, -4.514451)

[node name="Platform38" parent="." unique_id=1922438640 instance=ExtResource("4_bvi20")]
transform = Transform3D(-0.0595117, 0.03186322, -0.29230654, 0.009380387, 0.29828736, 0.030605372, 0.2938884, -0.0030685766, -0.060168244, -0.82520306, 12.758183, -7.049433)

[node name="Platform26" parent="." unique_id=739164725 instance=ExtResource("4_bvi20")]
transform = Transform3D(0.01441437, 0, -0.29965353, 0, 0.30000004, 0, 0.29965353, 0, 0.01441437, 10.842801, 14.437548, -16.00308)

[node name="Platform17" parent="." unique_id=2010288662 instance=ExtResource("4_bvi20")]
transform = Transform3D(0.29979658, 0, 0.0110454485, 0, 0.30000004, 0, -0.0110454485, 0, 0.29979658, 4.245002, 12.056587, -10.73626)

[node name="Platform86" parent="." unique_id=433179437 instance=ExtResource("4_bvi20")]
transform = Transform3D(0.26005855, 0, -0.14956447, 0, 0.30000007, 0, 0.14956447, 0, 0.26005855, 10.53214, 10.225233, -7.8405766)

[node name="Platform18" parent="." unique_id=2012218556 instance=ExtResource("4_bvi20")]
transform = Transform3D(0.1275253, 0, 0.2715461, 0, 0.30000007, 0, -0.2715461, 0, 0.1275253, 2.3798337, 12.056587, -13.074059)

[node name="Platform39" parent="." unique_id=348021748 instance=ExtResource("4_bvi20")]
transform = Transform3D(0.2757406, 0, 0.11818253, 0, 0.30000004, 0, -0.11818253, 0, 0.2757406, -1.6243259, 11.036587, -12.927399)

[node name="Platform42" parent="." unique_id=1023847686 instance=ExtResource("4_bvi20")]
transform = Transform3D(0.22447833, 0, -0.19902119, 0, 0.30000004, 0, 0.19902119, 0, 0.22447833, -5.988073, 8.588205, -12.927399)

[node name="Platform3" parent="." unique_id=1090433255 instance=ExtResource("4_bvi20")]
transform = Transform3D(0.20937087, 0, -0.2148577, 0, 0.29999998, 0, 0.2148577, 0, 0.20937087, 5.9570746, 1.0328116, 6.2759023)

[node name="Platform35" parent="." unique_id=1776663640 instance=ExtResource("4_bvi20")]
transform = Transform3D(0.29254597, 0, 0.06645944, 0, 0.29999998, 0, -0.06645944, 0, 0.29254597, 9.679018, 1.0328116, 6.8519444)

[node name="Platform9" parent="." unique_id=601586335 instance=ExtResource("4_bvi20")]
transform = Transform3D(0.20937087, 0, -0.2148577, 0, 0.29999998, 0, 0.2148577, 0, 0.20937087, 6.1470447, 1.9770856, 1.5245824)

[node name="Platform30" parent="." unique_id=2115779399 instance=ExtResource("4_bvi20")]
transform = Transform3D(0.2999557, 0, -0.005157221, 0, 0.29999998, 0, 0.005157221, 0, 0.2999557, 11.64485, 1.8929696, 8.147836)

[node name="Platform8" parent="." unique_id=111470243 instance=ExtResource("4_bvi20")]
transform = Transform3D(0.29941756, -0.018487021, 0.0027070204, 0.018486269, 0.2994298, 0.00016713349, -0.002712175, 0, 0.2999877, -1.1272243, 1.9392208, 8.1435585)

[node name="Platform4" parent="." unique_id=1364863283 instance=ExtResource("2_r83mg")]
transform = Transform3D(0.3, 0, 0, 0, 0.3, 0, 0, 0, 0.3, 2.8953133, 1.9002938, 8.149623)

[node name="Platform5" parent="." unique_id=562556492 instance=ExtResource("2_r83mg")]
transform = Transform3D(0.3, 0, 0, 0, 0.3, 0, 0, 0, 0.3, 1.3822544, 1.8514726, 8.149623)

[node name="Platform54" parent="." unique_id=2142337315 instance=ExtResource("2_r83mg")]
transform = Transform3D(-0.0001413757, 0, 0.29999995, 0, 0.29999998, 0, -0.29999995, 0, -0.0001413757, 1.3822544, 1.8514726, 10.217885)

[node name="Platform55" parent="." unique_id=1717505459 instance=ExtResource("2_r83mg")]
transform = Transform3D(-0.0001413757, 0, 0.29999995, 0, 0.29999998, 0, -0.29999995, 0, -0.0001413757, 1.3822544, 1.9995055, 11.732359)

[node name="Platform7" parent="." unique_id=1841532792 instance=ExtResource("2_r83mg")]
transform = Transform3D(0.3, 0, 0, 0, 0.3, 0, 0, 0, 0.3, -0.12639973, 1.9002938, 8.149623)

[node name="Platform27" parent="." unique_id=763152377 instance=ExtResource("2_r83mg")]
transform = Transform3D(0.3, 0, 0, 0, 0.3, 0, 0, 0, 0.3, 15.66882, 1.8925843, 8.149623)

[node name="Platform28" parent="." unique_id=1095945045 instance=ExtResource("2_r83mg")]
transform = Transform3D(0.3, 0, 0, 0, 0.3, 0, 0, 0, 0.3, 14.155762, 1.9026804, 8.173625)

[node name="Platform29" parent="." unique_id=30535131 instance=ExtResource("2_r83mg")]
transform = Transform3D(0.3, 0, 0, 0, 0.3, 0, 0, 0, 0.3, 12.647107, 1.9002938, 8.122843)

[node name="Platform57" parent="." unique_id=945974561 instance=ExtResource("4_bvi20")]
transform = Transform3D(0.15617329, 0, 0.25614432, 0, 0.29999995, 0, -0.25614432, 0, 0.15617329, 11.9032755, 1.6341491, 13.746979)

[node name="Platform58" parent="." unique_id=2010526181 instance=ExtResource("2_r83mg")]
transform = Transform3D(0.1517469, 0, 0.25879118, 0, 0.29999998, 0, -0.25879118, 0, 0.1517469, 12.38868, 1.6414733, 12.869752)

[node name="Platform59" parent="." unique_id=463494788 instance=ExtResource("4_bvi20")]
transform = Transform3D(0.15617329, 0, 0.25614432, 0, 0.29999995, 0, -0.25614432, 0, 0.15617329, 11.9032755, 3.7082949, 13.746979)

[node name="Platform60" parent="." unique_id=820312218 instance=ExtResource("2_r83mg")]
transform = Transform3D(0.1517469, 0, 0.25879118, 0, 0.29999998, 0, -0.25879118, 0, 0.1517469, 12.38868, 3.715619, 12.869752)

[node name="Platform61" parent="." unique_id=2109938695 instance=ExtResource("4_bvi20")]
transform = Transform3D(0.15617329, 0, 0.25614432, 0, 0.29999995, 0, -0.25614432, 0, 0.15617329, 11.9032755, 3.7082949, 13.746979)

[node name="Platform62" parent="." unique_id=745864541 instance=ExtResource("2_r83mg")]
transform = Transform3D(0.1517469, 0, 0.25879118, 0, 0.29999998, 0, -0.25879118, 0, 0.1517469, 12.38868, 3.715619, 12.869752)

[node name="Platform63" parent="." unique_id=1080689767 instance=ExtResource("4_bvi20")]
transform = Transform3D(0.15617329, 0, 0.25614432, 0, 0.29999995, 0, -0.25614432, 0, 0.15617329, 21.182858, 1.6341491, -3.4470243)

[node name="Platform64" parent="." unique_id=693537646 instance=ExtResource("2_r83mg")]
transform = Transform3D(0.1517469, 0, 0.25879118, 0, 0.29999998, 0, -0.25879118, 0, 0.1517469, 21.668262, 1.6414733, -4.324251)

[node name="Platform65" parent="." unique_id=247178043 instance=ExtResource("4_bvi20")]
transform = Transform3D(0.15617329, 0, 0.25614432, 0, 0.29999995, 0, -0.25614432, 0, 0.15617329, 21.182858, 3.7082949, -3.4470243)

[node name="Platform66" parent="." unique_id=102041717 instance=ExtResource("2_r83mg")]
transform = Transform3D(0.1517469, 0, 0.25879118, 0, 0.29999998, 0, -0.25879118, 0, 0.1517469, 21.668262, 3.715619, -4.324251)

[node name="Platform67" parent="." unique_id=1912127564 instance=ExtResource("4_bvi20")]
transform = Transform3D(0.28797686, 0, 0.08407936, 0, 0.2999999, 0, -0.08407936, 0, 0.28797686, 7.093877, 1.5554907, -11.897295)

[node name="Platform68" parent="." unique_id=2067754213 instance=ExtResource("2_r83mg")]
transform = Transform3D(0.28648892, 0, 0.08901747, 0, 0.29999998, 0, -0.08901747, 0, 0.28648892, 8.043579, 1.562815, -12.218556)

[node name="Platform69" parent="." unique_id=158930216 instance=ExtResource("4_bvi20")]
transform = Transform3D(0.28797686, 0, 0.08407936, 0, 0.2999999, 0, -0.08407936, 0, 0.28797686, 7.093877, 3.6296365, -11.897295)

[node name="Platform71" parent="." unique_id=1663020298 instance=ExtResource("4_bvi20")]
transform = Transform3D(0.28797686, 0, 0.08407936, 0, 0.2999999, 0, -0.08407936, 0, 0.28797686, 7.093877, 5.6732874, -11.897295)

[node name="Platform70" parent="." unique_id=92429645 instance=ExtResource("2_r83mg")]
transform = Transform3D(0.28648892, 0, 0.08901747, 0, 0.29999998, 0, -0.08901747, 0, 0.28648892, 8.043579, 3.6369607, -12.218556)

[node name="Platform43" parent="." unique_id=1189204030 instance=ExtResource("4_bvi20")]
transform = Transform3D(0.19778803, 0, 0.22556573, 0, 0.29999992, 0, -0.22556573, 0, 0.19778803, 17.902924, 1.2647214, 5.585589)

[node name="Platform44" parent="." unique_id=1054940996 instance=ExtResource("2_r83mg")]
transform = Transform3D(0.19388115, 0, 0.2289325, 0, 0.29999995, 0, -0.2289325, 0, 0.19388115, 18.53158, 1.3837109, 4.8046055)

[node name="Platform45" parent="." unique_id=697678627 instance=ExtResource("4_bvi20")]
transform = Transform3D(0.047969546, 0, 0.29614, 0, 0.29999992, 0, -0.29614, 0, 0.047969546, 20.407804, 1.884337, 1.6065297)

[node name="Platform46" parent="." unique_id=2100268622 instance=ExtResource("2_r83mg")]
transform = Transform3D(0.042871606, 0, 0.29692087, 0, 0.29999995, 0, -0.29692087, 0, 0.042871606, 20.526297, 1.9197621, 0.61098695)

[node name="Platform31" parent="." unique_id=543157384 instance=ExtResource("4_bvi20")]
transform = Transform3D(0.16691041, 0, -0.24928081, 0, 0.29999995, 0, 0.24928081, 0, 0.16691041, 9.648646, 1.9335358, -10.247597)

[node name="Platform36" parent="." unique_id=410896823 instance=ExtResource("4_bvi20")]
transform = Transform3D(0.2805164, 0, -0.106351, 0, 0.29999992, 0, 0.106351, 0, 0.2805164, 17.418257, 1.6205664, -14.911719)

[node name="Platform37" parent="." unique_id=1369460156 instance=ExtResource("4_bvi20")]
transform = Transform3D(0.24028838, 0, 0.17961472, 0, 0.2999999, 0, -0.17961472, 0, 0.24028838, 15.444262, 1.6205664, -19.439898)

[node name="Platform32" parent="." unique_id=2046609313 instance=ExtResource("2_r83mg")]
transform = Transform3D(0.17117105, 0, -0.24637464, 0, 0.29999998, 0, 0.24637464, 0, 0.17117105, 11.943137, 1.3929689, -6.9418955)

[node name="Platform88" parent="." unique_id=163281173 instance=ExtResource("2_r83mg")]
transform = Transform3D(-0.24362506, 0, -0.17506234, 0, 0.29999998, 0, 0.17506234, 0, -0.24362506, 11.374432, 1.4075928, -5.980455)

[node name="Platform89" parent="." unique_id=312832339 instance=ExtResource("2_r83mg")]
transform = Transform3D(-0.29561344, 0, 0.051114473, 0, 0.29999998, 0, -0.051114473, 0, -0.29561344, 12.017969, 1.8381574, -1.9154444)

[node name="Platform33" parent="." unique_id=747709170 instance=ExtResource("2_r83mg")]
transform = Transform3D(0.17117105, 0, -0.24637464, 0, 0.29999998, 0, 0.24637464, 0, 0.17117105, 11.060119, 1.5926702, -8.170798)

[node name="Platform34" parent="." unique_id=1482990894 instance=ExtResource("2_r83mg")]
transform = Transform3D(0.17117105, 0, -0.24637464, 0, 0.29999998, 0, 0.24637464, 0, 0.17117105, 10.241031, 1.884192, -9.438754)

[node name="Platform13" parent="." unique_id=1451900718 instance=ExtResource("2_r83mg")]
transform = Transform3D(0.17143327, 0, -0.24619225, 0, 0.29999998, 0, 0.24619225, 0, 0.17143327, -5.813772, 2.0597892, 14.407725)

[node name="Platform14" parent="." unique_id=1507742852 instance=ExtResource("2_r83mg")]
transform = Transform3D(0.17143327, 0, -0.24619225, 0, 0.29999998, 0, 0.24619225, 0, 0.17143327, -6.6784015, 2.010968, 13.166047)

[node name="Platform15" parent="." unique_id=1279298106 instance=ExtResource("2_r83mg")]
transform = Transform3D(0.17143327, 0, -0.24619225, 0, 0.29999998, 0, 0.24619225, 0, 0.17143327, -7.540513, 2.0597892, 11.927984)

[node name="meshinstanceDARK-SEA" type="MeshInstance3D" parent="." unique_id=535854135]
transform = Transform3D(1500, 0, 0, 0, -6.556708e-05, 1, 0, -1500, -4.371139e-08, 0, 0, 0)
material_override = SubResource("StandardMaterial3D_46fj2")
mesh = SubResource("QuadMesh_46fj2")

[node name="MeshInstance3D" type="MeshInstance3D" parent="." unique_id=2062909304]
transform = Transform3D(1500, 0, 0, 0, 1, 0, 0, 0, 1500, 0, -0.38204217, 0)
material_override = SubResource("StandardMaterial3D_bv3s5")
mesh = SubResource("PlaneMesh_3pvvw")
surface_material_override/0 = SubResource("StandardMaterial3D_r83mg")

[node name="Pillar" parent="." unique_id=255467983 instance=ExtResource("5_r83mg")]
transform = Transform3D(1, 0, 0, 0, 1, 0, 0, 0, 1, 4.241534, 2.7416472, -4.576869)
CollapseMaxSpeed = 2.5

[node name="Pillar14" parent="." unique_id=298519961 instance=ExtResource("5_r83mg")]
transform = Transform3D(0.50437695, 0, -0.8634836, 0, 1, 0, 0.8634836, 0, 0.50437695, 23.259415, 1.5510831, -11.759291)
CollapseMaxSpeed = 2.5

[node name="Pillar33" parent="." unique_id=1703946736 instance=ExtResource("5_r83mg")]
transform = Transform3D(-0.514694, 0, -0.85737395, 0, 1, 0, 0.85737395, 0, -0.514694, 29.710072, -1.3904481, -23.405962)
CollapseMaxSpeed = 2.5

[node name="Pillar19" parent="." unique_id=1007924280 instance=ExtResource("5_r83mg")]
transform = Transform3D(0.98100257, 0, -0.19399464, 0, 1, 0, 0.19399464, 0, 0.98100257, 31.764591, -3.3708663, -14.759291)
CollapseMaxSpeed = 2.5

[node name="Pillar16" parent="." unique_id=724600166 instance=ExtResource("5_r83mg")]
transform = Transform3D(-0.24380119, 0, -0.9698252, 0.041880414, 0.9990672, -0.010528181, 0.9689205, -0.04318346, -0.24357377, 23.259415, -0.2577939, -1.8544292)
CollapseMaxSpeed = 2.5

[node name="Pillar6" parent="." unique_id=283639223 instance=ExtResource("5_r83mg")]
transform = Transform3D(1, 0, 0, 0, 1, 0, 0, 0, 1, 2.354579, -6.1414914, 0.92456627)
CollapseMaxSpeed = 2.5

[node name="Pillar29" parent="." unique_id=133085239 instance=ExtResource("5_r83mg")]
transform = Transform3D(0.8430255, 0, 0.53787357, 0, 1, 0, -0.53787357, 0, 0.8430255, 1.3726797, -5.4939733, 13.8516445)
CollapseMaxSpeed = 2.5

[node name="Pillar28" parent="." unique_id=489388877 instance=ExtResource("5_r83mg")]
transform = Transform3D(0.91175485, 0, -0.41073477, 0, 1, 0, 0.41073477, 0, 0.91175485, 26.858871, -5.682693, 9.045572)
CollapseMaxSpeed = 2.5

[node name="Pillar2" parent="." unique_id=1812875036 instance=ExtResource("5_r83mg")]
transform = Transform3D(1, 0, 0, 0, 1, 0, 0, 0, 1, 8.547234, 0, 10.056836)
CollapseMaxSpeed = 2.5

[node name="Pillar3" parent="." unique_id=1436677974 instance=ExtResource("5_r83mg")]
transform = Transform3D(0.5260506, 0, 0.85045326, 0, 1, 0, -0.85045326, 0, 0.5260506, -3.2935028, -3.0759115, 10.056836)
CollapseMaxSpeed = 2.5

[node name="Pillar5" parent="." unique_id=739054985 instance=ExtResource("5_r83mg")]
transform = Transform3D(-0.53963804, 0, 0.84189713, 0, 1, 0, -0.84189713, 0, -0.53963804, -5.4901714, -3.0759115, 0.50030375)
CollapseMaxSpeed = 2.5

[node name="Pillar10" parent="." unique_id=391292787 instance=ExtResource("5_r83mg")]
transform = Transform3D(0.4623832, 0, 0.8866802, 0, 1, 0, -0.8866802, 0, 0.4623832, -7.679454, 0.59585094, -7.2424135)
CollapseMaxSpeed = 2.5

[node name="Pillar11" parent="." unique_id=633003826 instance=ExtResource("5_r83mg")]
transform = Transform3D(0.9609339, 0, -0.27677798, 0, 1, 0, 0.27677798, 0, 0.9609339, -2.049214, 2.2230444, -19.396484)
CollapseMaxSpeed = 2.5

[node name="Pillar22" parent="." unique_id=1473066771 instance=ExtResource("5_r83mg")]
transform = Transform3D(0.36603028, 0, -0.9306029, 0, 1, 0, 0.9306029, 0, 0.36603028, -11.928705, -4.0488863, -26.382675)
CollapseMaxSpeed = 2.5

[node name="Pillar27" parent="." unique_id=1898585983 instance=ExtResource("5_r83mg")]
transform = Transform3D(-0.99173397, 0, 0.12831083, 0, 1, 0, -0.12831083, 0, -0.99173397, -15.999086, -6.344226, -14.551292)
CollapseMaxSpeed = 2.5

[node name="Pillar13" parent="." unique_id=626579703 instance=ExtResource("5_r83mg")]
transform = Transform3D(-0.070087284, 0, -0.99754083, 0, 1, 0, 0.99754083, 0, -0.070087284, 6.480264, 0.76462936, -28.133657)
CollapseMaxSpeed = 2.5

[node name="Pillar4" parent="." unique_id=1479640257 instance=ExtResource("6_dyrbm")]
transform = Transform3D(1, 0, 0, 0, 1, 0, 0, 0, 1, 8.152282, 0, 15.8139)
CollapseMaxSpeed = 2.5

[node name="Pillar7" parent="." unique_id=1063686593 instance=ExtResource("6_dyrbm")]
transform = Transform3D(0.020349126, 0, -0.99979293, 0, 1, 0, 0.99979293, 0, 0.020349126, 8.152282, 3.5957384, 0.07776642)
CollapseMaxSpeed = 2.5

[node name="Pillar17" parent="." unique_id=893105439 instance=ExtResource("5_r83mg")]
transform = Transform3D(0.8414636, 0, -0.5403138, 0, 1, 0, 0.5403138, 0, 0.8414636, 21.979465, 1.1374216, -30.01645)
CollapseMaxSpeed = 2.5

[node name="Pillar18" parent="." unique_id=551675080 instance=ExtResource("6_dyrbm")]
transform = Transform3D(-0.88199526, 0, 0.4712582, 0, 1, 0, -0.4712582, 0, -0.88199526, 22.755253, -0.09490681, -23.986715)
CollapseMaxSpeed = 2.5

[node name="Pillar20" parent="." unique_id=1983401342 instance=ExtResource("6_dyrbm")]
transform = Transform3D(-0.3896705, 0, 0.9209542, 0, 1, 0, -0.9209542, 0, -0.3896705, 31.40572, -0.09490681, -3.9013062)
CollapseMaxSpeed = 2.5

[node name="Pillar15" parent="." unique_id=555249815 instance=ExtResource("6_dyrbm")]
transform = Transform3D(-0.75629896, 0, -0.6542261, 0, 1, 0, 0.6542261, 0, -0.75629896, 19.319895, -1.6409578, -9.688394)
CollapseMaxSpeed = 2.5

[node name="Pillar32" parent="." unique_id=386190722 instance=ExtResource("6_dyrbm")]
transform = Transform3D(-0.52447635, 0, 0.85142505, 0, 1, 0, -0.85142505, 0, -0.52447635, 13.862041, -2.1810212, -1.9466481)
CollapseMaxSpeed = 2.5

[node name="Pillar8" parent="." unique_id=1481401188 instance=ExtResource("6_dyrbm")]
transform = Transform3D(0.020349126, 0, -0.99979293, 0, 1, 0, 0.99979293, 0, 0.020349126, 0.62050724, 7.6934595, -10.020156)
CollapseMaxSpeed = 2.5

[node name="Pillar23" parent="." unique_id=380742933 instance=ExtResource("6_dyrbm")]
transform = Transform3D(-0.69492203, 0, -0.71908516, 0, 1, 0, 0.71908516, 0, -0.69492203, -8.193948, 2.8117113, -21.493996)
CollapseMaxSpeed = 2.5

[node name="Pillar24" parent="." unique_id=132323019 instance=ExtResource("6_dyrbm")]
transform = Transform3D(-0.69492203, 0, -0.71908516, 0, 1, 0, 0.71908516, 0, -0.69492203, -1.7538157, -0.6594162, -30.206184)
CollapseMaxSpeed = 2.5

[node name="Pillar30" parent="." unique_id=2061054552 instance=ExtResource("6_dyrbm")]
transform = Transform3D(-0.69492203, 0, -0.71908516, 0, 1, 0, 0.71908516, 0, -0.69492203, -1.7538157, -5.0256033, -19.213852)
CollapseMaxSpeed = 2.5

[node name="Pillar31" parent="." unique_id=953756462 instance=ExtResource("6_dyrbm")]
transform = Transform3D(-0.69492203, 0, -0.71908516, 0, 1, 0, 0.71908516, 0, -0.69492203, -13.94226, -4.647623, -16.229418)
CollapseMaxSpeed = 2.5

[node name="Pillar25" parent="." unique_id=1435642641 instance=ExtResource("6_dyrbm")]
transform = Transform3D(-0.69492203, 0, -0.71908516, 0, 1, 0, 0.71908516, 0, -0.69492203, -13.430292, -2.2856398, -3.9779854)
CollapseMaxSpeed = 2.5

[node name="Pillar26" parent="." unique_id=1473908266 instance=ExtResource("6_dyrbm")]
transform = Transform3D(-0.69492203, 0, -0.71908516, 0, 1, 0, 0.71908516, 0, -0.69492203, 19.587751, -2.7494879, -42.98843)
CollapseMaxSpeed = 2.5

[node name="Platform20" parent="." unique_id=1434519851 instance=ExtResource("3_dyrbm")]
transform = Transform3D(-0.049436826, 0, 0.29589865, 0, 0.29999995, 0, -0.29589865, 0, -0.049436826, 15.153782, 8.552663, -26.731382)

[node name="Platform23" parent="." unique_id=1475136708 instance=ExtResource("3_dyrbm")]
transform = Transform3D(0.24159852, 0, -0.17784859, 0, 0.29999995, 0, 0.17784859, 0, 0.24159852, 8.606384, 4.3207326, -26.391895)

[node name="Platform24" parent="." unique_id=914807554 instance=ExtResource("3_dyrbm")]
transform = Transform3D(0.26491863, 0, 0.14077671, 0, 0.29999992, 0, -0.14077671, 0, 0.26491863, 8.606384, 4.615971, -28.915579)

[node name="Platform25" parent="." unique_id=886575160 instance=ExtResource("3_dyrbm")]
transform = Transform3D(-0.1426273, 0, 0.26392683, 0, 0.29999986, 0, -0.26392683, 0, -0.1426273, 5.6689134, 5.151722, -29.926548)

[node name="Pillar21" parent="." unique_id=374090102 instance=ExtResource("5_r83mg")]
transform = Transform3D(0.9605853, 0, 0.2779853, 0, 1, 0, -0.2779853, 0, 0.9605853, 13.550989, -1.321146, -34.98416)
CollapseMaxSpeed = 2.5

[node name="Platform47" parent="." unique_id=2095679517 instance=ExtResource("3_dyrbm")]
transform = Transform3D(0.08369231, 0, 0.28808948, 0, 0.29999992, 0, -0.28808948, 0, 0.08369231, 14.453335, 2.2349572, -37.58029)

[node name="Platform90" parent="." unique_id=2104984265 instance=ExtResource("3_dyrbm")]
transform = Transform3D(0.21639028, 0, 0.20778641, 0, 0.2999999, 0, -0.20778641, 0, 0.21639028, 24.325762, 8.865511, -32.039913)

[node name="Platform91" parent="." unique_id=1474646734 instance=ExtResource("3_dyrbm")]
transform = Transform3D(0.08246977, 0, 0.28844184, 0, 0.2999999, 0, -0.28844184, 0, 0.08246977, 22.804094, 3.8303552, -32.222023)

[node name="Platform48" parent="." unique_id=901155383 instance=ExtResource("3_dyrbm")]
transform = Transform3D(-0.22345066, 0, 0.20017427, 0, 0.2999999, 0, -0.20017427, 0, -0.22345066, 12.084251, 2.5301957, -36.710564)

[node name="Platform49" parent="." unique_id=1567896594 instance=ExtResource("3_dyrbm")]
transform = Transform3D(-0.1986055, 0, -0.22484612, 0, 0.29999983, 0, 0.22484612, 0, -0.1986055, 12.147546, 3.0659466, -33.604637)

[node name="Platform21" parent="." unique_id=1876424859 instance=ExtResource("3_dyrbm")]
transform = Transform3D(0.18957227, 0, 0.23251316, 0, 0.29999992, 0, -0.23251316, 0, 0.18957227, 16.997053, 1.3077011, -25.99428)

[node name="Platform22" parent="." unique_id=1320402856 instance=ExtResource("3_dyrbm")]
transform = Transform3D(0.24700333, 0, -0.17026259, 0, 0.29999992, 0, 0.17026259, 0, 0.24700333, 17.156958, 3.4597564, -23.510096)

[node name="Platform74" parent="." unique_id=2037512104 instance=ExtResource("3_dyrbm")]
transform = Transform3D(0.24700333, 0, -0.17026259, 0, 0.29999992, 0, 0.17026259, 0, 0.24700333, 14.175828, 3.4597564, -14.662906)

[node name="Platform87" parent="." unique_id=488802313 instance=ExtResource("3_dyrbm")]
transform = Transform3D(0.04537306, 0, -0.296549, 0, 0.29999992, 0, 0.296549, 0, 0.04537306, 11.266411, 2.8250003, -12.732581)

[node name="Platform75" parent="." unique_id=1931070722 instance=ExtResource("3_dyrbm")]
transform = Transform3D(0.29301742, 0, -0.06434898, 0, 0.29999992, 0, 0.06434898, 0, 0.29301742, 15.086182, 7.809112, -16.1143)

[node name="Platform83" parent="." unique_id=1389878407 instance=ExtResource("3_dyrbm")]
transform = Transform3D(0.2971218, 0, -0.04145634, 0, 0.29999992, 0, 0.04145634, 0, 0.2971218, 11.305953, 8.397511, 0.24408722)

[node name="Platform76" parent="." unique_id=1480856437 instance=ExtResource("3_dyrbm")]
transform = Transform3D(-0.025463365, 0, 0.29891738, 0, 0.29999995, 0, -0.29891738, 0, -0.025463365, 10.320114, 7.809112, -20.994566)

[node name="Platform50" parent="." unique_id=1130293229 instance=ExtResource("3_dyrbm")]
transform = Transform3D(-0.25372672, 0, -0.16007107, 0, 0.29999992, 0, 0.16007107, 0, -0.25372672, 20.515434, 3.4597564, -22.488836)

[node name="LoseCollider" type="Area3D" parent="." unique_id=2006983214]
transform = Transform3D(0.0538622, 0, -0.29512516, 0, 0.29999992, 0, 0.29512516, 0, 0.0538622, 8.060719, -2.730983, -12.206282)
collision_layer = 2
collision_mask = 2
script = ExtResource("8_bv3s5")

[node name="CollisionShape3D" type="CollisionShape3D" parent="LoseCollider" unique_id=1282226178]
transform = Transform3D(0.99999803, 0, -1.0430813e-07, 0, 1, 0, 1.0430813e-07, 0, 0.99999803, 9.977087, 8.738926, -8.894272)
shape = SubResource("BoxShape3D_o0x4h")

[node name="Platform51" parent="." unique_id=834458887 instance=ExtResource("3_dyrbm")]
transform = Transform3D(0.0538622, 0, -0.29512516, 0, 0.29999992, 0, 0.29512516, 0, 0.0538622, 23.367592, 4.7849703, -20.868082)

[node name="Pillar12" parent="." unique_id=529150132 instance=ExtResource("6_dyrbm")]
transform = Transform3D(-0.95371693, 0, -0.3007058, 0, 1, 0, 0.3007058, 0, -0.95371693, 15.841469, 5.87201, -24.879156)
CollapseMaxSpeed = 2.5

[node name="Pillar9" parent="." unique_id=2111927257 instance=ExtResource("6_dyrbm")]
transform = Transform3D(-0.8404437, 0, -0.5418989, 0, 1, 0, 0.5418989, 0, -0.8404437, 7.2836456, 5.3283386, -9.328626)
CollapseMaxSpeed = 2.5

[node name="BouncePlatform" parent="." unique_id=607921131 instance=ExtResource("7_bvi20")]
transform = Transform3D(1, 0, 0, 0, 1, 0, 0, 0, 1, -1.1427064, 3.047626, 4.499026)

[node name="BouncePlatform12" parent="." unique_id=1631354555 instance=ExtResource("7_bvi20")]
transform = Transform3D(0.7967409, 0, -0.60432106, 0, 1, 0, 0.60432106, 0, 0.7967409, -10.944063, 3.950338, 0.7943702)

[node name="BouncePlatform3" parent="." unique_id=2035404789 instance=ExtResource("7_bvi20")]
transform = Transform3D(0.9204912, 0, -0.39076328, 0, 1, 0, 0.39076328, 0, 0.9204912, 9.384705, 6.2295012, 4.499026)

[node name="BouncePlatform2" parent="." unique_id=1214919302 instance=ExtResource("7_bvi20")]
transform = Transform3D(0.5379177, 0, -0.8429974, 0, 1, 0, 0.8429974, 0, 0.5379177, 0.40873575, 5.9000764, -2.9115844)

[node name="BouncePlatform4" parent="." unique_id=2000301006 instance=ExtResource("7_bvi20")]
transform = Transform3D(-0.32662416, 0, -0.9451543, 0, 1, 0, 0.9451543, 0, -0.32662416, 0.40873575, 5.9000764, -24.446398)

[node name="BouncePlatform16" parent="." unique_id=100556846 instance=ExtResource("7_bvi20")]
transform = Transform3D(-0.73590803, 0, -0.67708147, 0, 1, 0, 0.67708147, 0, -0.73590803, -11.08894, 5.9000764, -14.373101)

[node name="BouncePlatform7" parent="." unique_id=254031590 instance=ExtResource("7_bvi20")]
transform = Transform3D(0.4558866, 0, -0.8900379, 0, 1, 0, 0.8900379, 0, 0.4558866, -3.9750767, 4.1322274, -23.462967)

[node name="BouncePlatform5" parent="." unique_id=587575761 instance=ExtResource("7_bvi20")]
transform = Transform3D(-0.32662416, 0, -0.9451543, 0, 1, 0, 0.9451543, 0, -0.32662416, 11.338341, 3.7182941, -24.446398)

[node name="BouncePlatform10" parent="." unique_id=1328835257 instance=ExtResource("7_bvi20")]
transform = Transform3D(0.48866686, 0, -0.87247044, 0, 1, 0, 0.87247044, 0, 0.48866686, 7.0107565, 1.2522309, -20.15105)

[node name="BouncePlatform11" parent="." unique_id=2146141965 instance=ExtResource("7_bvi20")]
transform = Transform3D(0.83858514, 0, -0.54477084, 0, 1, 0, 0.54477084, 0, 0.83858514, -3.4847841, 0.85833526, -7.1262054)

[node name="BouncePlatform6" parent="." unique_id=548824696 instance=ExtResource("7_bvi20")]
transform = Transform3D(0.8820364, 0, -0.47118127, 0, 0.60907626, 0, 0.47118127, 0, 0.8820364, 15.873005, 3.043209, -30.932419)

[node name="BouncePlatform8" parent="." unique_id=966958725 instance=ExtResource("7_bvi20")]
transform = Transform3D(0.4874025, 0, -0.8731774, 0, 1, 0, 0.8731774, 0, 0.4874025, 21.017756, 1.9014883, -18.187546)

[node name="BouncePlatform13" parent="." unique_id=2084502799 instance=ExtResource("7_bvi20")]
transform = Transform3D(-0.3595409, 0, -0.9331293, 0, 1, 0, 0.9331293, 0, -0.3595409, 14.70545, 1.9014883, -9.335077)

[node name="BouncePlatform14" parent="." unique_id=1090927416 instance=ExtResource("7_bvi20")]
transform = Transform3D(-0.09560263, 0, -0.9954196, 0, 1, 0, 0.9954196, 0, -0.09560263, 27.691494, 4.7217407, -9.335077)

[node name="BouncePlatform9" parent="." unique_id=2110139372 instance=ExtResource("7_bvi20")]
transform = Transform3D(0.8820364, 0, -0.47118127, 0, 1, 0, 0.47118127, 0, 0.8820364, 25.959726, 5.3771286, -15.011969)

[node name="BouncePlatform15" parent="." unique_id=1642310251 instance=ExtResource("7_bvi20")]
transform = Transform3D(0.99391294, 0, -0.11016804, 0, 1, 0, 0.11016804, 0, 0.99391294, 29.464598, 5.8314476, -18.64665)

[node name="empty" type="Node3D" parent="." unique_id=172884680]
transform = Transform3D(3.9455395, 0, 0, 0, 5.4498143, 0, 0, 0, 3.9455395, 0, 2.5978417, 28.83514)

[node name="ThiccPillah" parent="." unique_id=905257151 instance=ExtResource("9_46fj2")]
transform = Transform3D(1, 0, 0, 0, 1, 0, 0, 0, 1, 10.83832, 0, -16.53531)
CollapseMaxSpeed = 0.2
CollapseAcceleration = 1.5

[node name="BouncePad" parent="." unique_id=160722725 instance=ExtResource("11_rsi7v")]
transform = Transform3D(0.9460572, 0, 0.32399997, 0, 1, 0, -0.32399997, 0, 0.9460572, -1.6721263, 2.4178207, -18.237753)

[node name="Stump" parent="." unique_id=1827369874 instance=ExtResource("12_egk5a")]
transform = Transform3D(1, 0, 0, 0, 1, 0, 0, 0, 1, -5.7471576, -5.3647633, -16.714128)

[node name="Stump2" parent="." unique_id=1325349834 instance=ExtResource("12_egk5a")]
transform = Transform3D(0.7810847, 0, -0.62442505, 0, 1, 0, 0.62442505, 0, 0.7810847, 4.8740363, -5.3647633, -16.714128)

[node name="Stump3" parent="." unique_id=325242543 instance=ExtResource("12_egk5a")]
transform = Transform3D(0.7810847, 0, -0.62442505, 0, 1, 0, 0.62442505, 0, 0.7810847, 13.122551, -5.3647633, -21.436111)

[node name="Stump4" parent="." unique_id=1183645984 instance=ExtResource("12_egk5a")]
transform = Transform3D(0.7810847, 0, -0.62442505, 0, 1, 0, 0.62442505, 0, 0.7810847, 26.615833, -11.565738, -21.436111)

[node name="Stump5" parent="." unique_id=879657899 instance=ExtResource("12_egk5a")]
transform = Transform3D(0.7810847, 0, -0.62442505, 0, 1, 0, 0.62442505, 0, 0.7810847, 26.615833, -11.565738, -26.416456)

[node name="Stump6" parent="." unique_id=1543327631 instance=ExtResource("12_egk5a")]
transform = Transform3D(0.382248, 0, -0.9240598, 0, 1, 0, 0.9240598, 0, 0.382248, 24.298601, -10.294171, -27.813696)

[node name="Stump7" parent="." unique_id=420545264 instance=ExtResource("12_egk5a")]
transform = Transform3D(-0.78853697, 0, -0.6149874, 0, 1, 0, 0.6149874, 0, -0.78853697, 25.253496, -9.515556, -29.466524)

[node name="Target" parent="." unique_id=1106970928 instance=ExtResource("13_d4sor")]
transform = Transform3D(0.80981654, 0, 0.5866834, -0.16351226, 0.96037644, 0.22570083, -0.5634369, -0.2787062, 0.77772874, 21.619473, 6.870378, -3.6819959)
PointTarget = true

